1.1425137970823371 0.0 0.0 0.0 0.0 0.0 0.0 0.0 0.0 0.0 
0.0 1.1058433801359726 0.0 0.0 0.0 0.0 0.0 0.0 0.0 0.0 
0.0 0.0 0.9684809872832065 0.0 0.0 0.0 0.0 0.0 0.0 0.0 
0.0 0.0 0.0 0.9058915454487576 0.0 0.0 0.0 0.0 0.0 0.0 
0.0 0.0 0.0 0.0 1.0045149733211214 0.0 0.0 0.0 0.0 0.0 
0.0 0.0 0.0 0.0 0.0 0.9623351557090577 0.0 0.0 0.0 0.0 
0.0 0.0 0.0 0.0 0.0 0.0 1.1167411011794341 0.0 0.0 0.0 
0.0 0.0 0.0 0.0 0.0 0.0 0.0 0.9228725257804712 0.0 0.0 
0.0 0.0 0.0 0.0 0.0 0.0 0.0 0.0 0.9906606897631403 0.0 
0.0 0.0 0.0 0.0 0.0 0.0 0.0 0.0 0.0 1.0336309183621597 
