0 0 4 4 85.58 1.0688843703050097
0 0 4 6 87.69 1.0515908805880605
0 0 0 2 76.55 0.9841143161661691
0 0 2 6 86.55 0.9517833500585927
0 0 6 2 86.55 1.0022549442737219
0 0 6 0 86.09 0.9809868274900829
0 0 8 8 91.6 1.0567597178069545
0 0 2 8 88.85 0.9606625452157855
0 0 6 8 90.53 0.9953193908304712
0 0 4 2 83.54 1.0166764078910062
0 1 4 4 84.51 1.0688843703050097
0 1 4 6 86.66 1.0515908805880605
0 1 0 2 70.53 0.9841143161661691
0 1 2 6 85.15 0.9517833500585927
0 1 6 2 86.21 1.0022549442737219
0 1 6 0 86.21 0.9809868274900829
0 1 8 8 91.06 1.0567597178069545
0 1 2 8 87.77 0.9606625452157855
0 1 6 8 89.82 0.9953193908304712
0 1 4 2 82.83 1.0166764078910062
0 2 4 4 83.54 1.0688843703050097
0 2 4 6 85.58 1.0515908805880605
0 2 0 2 64.0 0.9841143161661691
0 2 2 6 83.54 0.9517833500585927
0 2 6 2 86.09 1.0022549442737219
0 2 6 0 86.55 0.9809868274900829
0 2 8 8 90.53 1.0567597178069545
0 2 2 8 86.55 0.9606625452157855
0 2 6 8 89.1 0.9953193908304712
0 2 4 2 82.57 1.0166764078910062
0 3 4 4 82.83 1.0688843703050097
0 3 4 6 84.51 1.0515908805880605
0 3 0 2 70.53 0.9841143161661691
0 3 2 6 81.67 0.9517833500585927
0 3 6 2 86.21 1.0022549442737219
0 3 6 0 87.06 0.9809868274900829
0 3 8 8 90.02 1.0567597178069545
0 3 2 8 85.15 0.9606625452157855
0 3 6 8 88.38 0.9953193908304712
0 3 4 2 82.83 1.0166764078910062
0 4 4 4 82.57 1.0688843703050097
0 4 4 6 83.54 1.0515908805880605
0 4 0 2 76.55 0.9841143161661691
0 4 2 6 79.56 0.9517833500585927
0 4 6 2 86.55 1.0022549442737219
0 4 6 0 87.69 0.9809868274900829
0 4 8 8 89.56 1.0567597178069545
0 4 2 8 83.54 0.9606625452157855
0 4 6 8 87.69 0.9953193908304712
0 4 4 2 83.54 1.0166764078910062
0 5 4 4 82.83 1.0688843703050097
0 5 4 6 82.83 1.0515908805880605
0 5 0 2 80.07 0.9841143161661691
0 5 2 6 77.52 0.9517833500585927
0 5 6 2 87.06 1.0022549442737219
0 5 6 0 88.38 0.9809868274900829
0 5 8 8 89.16 1.0567597178069545
0 5 2 8 81.67 0.9606625452157855
0 5 6 8 87.06 0.9953193908304712
0 5 4 2 84.51 1.0166764078910062
0 6 4 4 83.54 1.0688843703050097
0 6 4 6 82.57 1.0515908805880605
0 6 0 2 82.57 0.9841143161661691
0 6 2 6 76.55 0.9517833500585927
0 6 6 2 87.69 1.0022549442737219
0 6 6 0 89.1 0.9809868274900829
0 6 8 8 88.85 1.0567597178069545
0 6 2 8 79.56 0.9606625452157855
0 6 6 8 86.55 0.9953193908304712
0 6 4 2 85.58 1.0166764078910062
0 7 4 4 84.51 1.0688843703050097
0 7 4 6 82.83 1.0515908805880605
0 7 0 2 84.51 0.9841143161661691
0 7 2 6 77.52 0.9517833500585927
0 7 6 2 88.38 1.0022549442737219
0 7 6 0 89.82 0.9809868274900829
0 7 8 8 88.66 1.0567597178069545
0 7 2 8 77.52 0.9606625452157855
0 7 6 8 86.21 0.9953193908304712
0 7 4 2 86.66 1.0166764078910062
0 8 4 4 85.58 1.0688843703050097
0 8 4 6 83.54 1.0515908805880605
0 8 0 2 86.09 0.9841143161661691
0 8 2 6 79.56 0.9517833500585927
0 8 6 2 89.1 1.0022549442737219
0 8 6 0 90.53 0.9809868274900829
0 8 8 8 88.59 1.0567597178069545
0 8 2 8 76.55 0.9606625452157855
0 8 6 8 86.09 0.9953193908304712
0 8 4 2 87.69 1.0166764078910062
0 9 4 4 86.66 1.0688843703050097
0 9 4 6 84.51 1.0515908805880605
0 9 0 2 87.43 0.9841143161661691
0 9 2 6 81.67 0.9517833500585927
0 9 6 2 89.82 1.0022549442737219
0 9 6 0 91.21 0.9809868274900829
0 9 8 8 88.66 1.0567597178069545
0 9 2 8 77.52 0.9606625452157855
0 9 6 8 86.21 0.9953193908304712
0 9 4 2 88.66 1.0166764078910062
1 0 4 4 84.51 1.0688843703050097
1 0 4 6 87.06 1.0515908805880605
1 0 0 2 77.52 0.9841143161661691
1 0 2 6 86.21 0.9517833500585927
1 0 6 2 85.15 1.0022549442737219
1 0 6 0 84.51 0.9809868274900829
1 0 8 8 91.06 1.0567597178069545
1 0 2 8 88.66 0.9606625452157855
1 0 6 8 90.02 0.9953193908304712
1 0 4 2 81.67 1.0166764078910062
1 1 4 4 83.08 1.0688843703050097
1 1 4 6 85.84 1.0515908805880605
1 1 0 2 73.54 0.9841143161661691
1 1 2 6 84.68 0.9517833500585927
1 1 6 2 84.68 1.0022549442737219
1 1 6 0 84.68 0.9809868274900829
1 1 8 8 90.44 1.0567597178069545
1 1 2 8 87.52 0.9606625452157855
1 1 6 8 89.22 0.9953193908304712
1 1 4 2 80.53 1.0166764078910062
1 2 4 4 81.67 1.0688843703050097
1 2 4 6 84.51 1.0515908805880605
1 2 0 2 70.53 0.9841143161661691
1 2 2 6 82.83 0.9517833500585927
1 2 6 2 84.51 1.0022549442737219
1 2 6 0 85.15 0.9809868274900829
1 2 8 8 89.82 1.0567597178069545
1 2 2 8 86.21 0.9606625452157855
1 2 6 8 88.38 0.9953193908304712
1 2 4 2 80.07 1.0166764078910062
1 3 4 4 80.53 1.0688843703050097
1 3 4 6 83.08 1.0515908805880605
1 3 0 2 73.54 0.9841143161661691
1 3 2 6 80.53 0.9517833500585927
1 3 6 2 84.68 1.0022549442737219
1 3 6 0 85.84 0.9809868274900829
1 3 8 8 89.22 1.0567597178069545
1 3 2 8 84.68 0.9606625452157855
1 3 6 8 87.52 0.9953193908304712
1 3 4 2 80.53 1.0166764078910062
1 4 4 4 80.07 1.0688843703050097
1 4 4 6 81.67 1.0515908805880605
1 4 0 2 77.52 0.9841143161661691
1 4 2 6 77.52 0.9517833500585927
1 4 6 2 85.15 1.0022549442737219
1 4 6 0 86.66 0.9809868274900829
1 4 8 8 88.66 1.0567597178069545
1 4 2 8 82.83 0.9606625452157855
1 4 6 8 86.66 0.9953193908304712
1 4 4 2 81.67 1.0166764078910062
1 5 4 4 80.53 1.0688843703050097
1 5 4 6 80.53 1.0515908805880605
1 5 0 2 80.53 0.9841143161661691
1 5 2 6 73.54 0.9517833500585927
1 5 6 2 85.84 1.0022549442737219
1 5 6 0 87.52 0.9809868274900829
1 5 8 8 88.16 1.0567597178069545
1 5 2 8 80.53 0.9606625452157855
1 5 6 8 85.84 0.9953193908304712
1 5 4 2 83.08 1.0166764078910062
1 6 4 4 81.67 1.0688843703050097
1 6 4 6 80.07 1.0515908805880605
1 6 0 2 82.83 0.9841143161661691
1 6 2 6 70.53 0.9517833500585927
1 6 6 2 86.66 1.0022549442737219
1 6 6 0 88.38 0.9809868274900829
1 6 8 8 87.77 1.0567597178069545
1 6 2 8 77.52 0.9606625452157855
1 6 6 8 85.15 0.9953193908304712
1 6 4 2 84.51 1.0166764078910062
1 7 4 4 83.08 1.0688843703050097
1 7 4 6 80.53 1.0515908805880605
1 7 0 2 84.68 0.9841143161661691
1 7 2 6 73.54 0.9517833500585927
1 7 6 2 87.52 1.0022549442737219
1 7 6 0 89.22 0.9809868274900829
1 7 8 8 87.52 1.0567597178069545
1 7 2 8 73.54 0.9606625452157855
1 7 6 8 84.68 0.9953193908304712
1 7 4 2 85.84 1.0166764078910062
1 8 4 4 84.51 1.0688843703050097
1 8 4 6 81.67 1.0515908805880605
1 8 0 2 86.21 0.9841143161661691
1 8 2 6 77.52 0.9517833500585927
1 8 6 2 88.38 1.0022549442737219
1 8 6 0 90.02 0.9809868274900829
1 8 8 8 87.43 1.0567597178069545
1 8 2 8 70.53 0.9606625452157855
1 8 6 8 84.51 0.9953193908304712
1 8 4 2 87.06 1.0166764078910062
1 9 4 4 85.84 1.0688843703050097
1 9 4 6 83.08 1.0515908805880605
1 9 0 2 87.52 0.9841143161661691
1 9 2 6 80.53 0.9517833500585927
1 9 6 2 89.22 1.0022549442737219
1 9 6 0 90.78 0.9809868274900829
1 9 8 8 87.52 1.0567597178069545
1 9 2 8 73.54 0.9606625452157855
1 9 6 8 84.68 0.9953193908304712
1 9 4 2 88.16 1.0166764078910062
2 0 4 4 83.54 1.0688843703050097
2 0 4 6 86.55 1.0515908805880605
2 0 0 2 79.56 0.9841143161661691
2 0 2 6 86.09 0.9517833500585927
2 0 6 2 83.54 1.0022549442737219
2 0 6 0 82.57 0.9809868274900829
2 0 8 8 90.53 1.0567597178069545
2 0 2 8 88.59 0.9606625452157855
2 0 6 8 89.56 0.9953193908304712
2 0 4 2 79.56 1.0166764078910062
2 1 4 4 81.67 1.0688843703050097
2 1 4 6 85.15 1.0515908805880605
2 1 0 2 77.52 0.9841143161661691
2 1 2 6 84.51 0.9517833500585927
2 1 6 2 82.83 1.0022549442737219
2 1 6 0 82.83 0.9809868274900829
2 1 8 8 89.82 1.0567597178069545
2 1 2 8 87.43 0.9606625452157855
2 1 6 8 88.66 0.9953193908304712
2 1 4 2 77.52 1.0166764078910062
2 2 4 4 79.56 1.0688843703050097
2 2 4 6 83.54 1.0515908805880605
2 2 0 2 76.55 0.9841143161661691
2 2 2 6 82.57 0.9517833500585927
2 2 6 2 82.57 1.0022549442737219
2 2 6 0 83.54 0.9809868274900829
2 2 8 8 89.1 1.0567597178069545
2 2 2 8 86.09 0.9606625452157855
2 2 6 8 87.69 0.9953193908304712
2 2 4 2 76.55 1.0166764078910062
2 3 4 4 77.52 1.0688843703050097
2 3 4 6 81.67 1.0515908805880605
2 3 0 2 77.52 0.9841143161661691
2 3 2 6 80.07 0.9517833500585927
2 3 6 2 82.83 1.0022549442737219
2 3 6 0 84.51 0.9809868274900829
2 3 8 8 88.38 1.0567597178069545
2 3 2 8 84.51 0.9606625452157855
2 3 6 8 86.66 0.9953193908304712
2 3 4 2 77.52 1.0166764078910062
2 4 4 4 76.55 1.0688843703050097
2 4 4 6 79.56 1.0515908805880605
2 4 0 2 79.56 0.9841143161661691
2 4 2 6 76.55 0.9517833500585927
2 4 6 2 83.54 1.0022549442737219
2 4 6 0 85.58 0.9809868274900829
2 4 8 8 87.69 1.0567597178069545
2 4 2 8 82.57 0.9606625452157855
2 4 6 8 85.58 0.9953193908304712
2 4 4 2 79.56 1.0166764078910062
2 5 4 4 77.52 1.0688843703050097
2 5 4 6 77.52 1.0515908805880605
2 5 0 2 81.67 0.9841143161661691
2 5 2 6 70.53 0.9517833500585927
2 5 6 2 84.51 1.0022549442737219
2 5 6 0 86.66 0.9809868274900829
2 5 8 8 87.06 1.0567597178069545
2 5 2 8 80.07 0.9606625452157855
2 5 6 8 84.51 0.9953193908304712
2 5 4 2 81.67 1.0166764078910062
2 6 4 4 79.56 1.0688843703050097
2 6 4 6 76.55 1.0515908805880605
2 6 0 2 83.54 0.9841143161661691
2 6 2 6 64.0 0.9517833500585927
2 6 6 2 85.58 1.0022549442737219
2 6 6 0 87.69 0.9809868274900829
2 6 8 8 86.55 1.0567597178069545
2 6 2 8 76.55 0.9606625452157855
2 6 6 8 83.54 0.9953193908304712
2 6 4 2 83.54 1.0166764078910062
2 7 4 4 81.67 1.0688843703050097
2 7 4 6 77.52 1.0515908805880605
2 7 0 2 85.15 0.9841143161661691
2 7 2 6 70.53 0.9517833500585927
2 7 6 2 86.66 1.0022549442737219
2 7 6 0 88.66 0.9809868274900829
2 7 8 8 86.21 1.0567597178069545
2 7 2 8 70.53 0.9606625452157855
2 7 6 8 82.83 0.9953193908304712
2 7 4 2 85.15 1.0166764078910062
2 8 4 4 83.54 1.0688843703050097
2 8 4 6 79.56 1.0515908805880605
2 8 0 2 86.55 0.9841143161661691
2 8 2 6 76.55 0.9517833500585927
2 8 6 2 87.69 1.0022549442737219
2 8 6 0 89.56 0.9809868274900829
2 8 8 8 86.09 1.0567597178069545
2 8 2 8 64.0 0.9606625452157855
2 8 6 8 82.57 0.9953193908304712
2 8 4 2 86.55 1.0166764078910062
2 9 4 4 85.15 1.0688843703050097
2 9 4 6 81.67 1.0515908805880605
2 9 0 2 87.77 0.9841143161661691
2 9 2 6 80.07 0.9517833500585927
2 9 6 2 88.66 1.0022549442737219
2 9 6 0 90.4 0.9809868274900829
2 9 8 8 86.21 1.0567597178069545
2 9 2 8 70.53 0.9606625452157855
2 9 6 8 82.83 0.9953193908304712
2 9 4 2 87.77 1.0166764078910062
3 0 4 4 82.83 1.0688843703050097
3 0 4 6 86.21 1.0515908805880605
3 0 0 2 81.67 0.9841143161661691
3 0 2 6 86.21 0.9517833500585927
3 0 6 2 81.67 1.0022549442737219
3 0 6 0 80.07 0.9809868274900829
3 0 8 8 90.02 1.0567597178069545
3 0 2 8 88.66 0.9606625452157855
3 0 6 8 89.16 0.9953193908304712
3 0 4 2 77.52 1.0166764078910062
3 1 4 4 80.53 1.0688843703050097
3 1 4 6 84.68 1.0515908805880605
3 1 0 2 80.53 0.9841143161661691
3 1 2 6 84.68 0.9517833500585927
3 1 6 2 80.53 1.0022549442737219
3 1 6 0 80.53 0.9809868274900829
3 1 8 8 89.22 1.0567597178069545
3 1 2 8 87.52 0.9606625452157855
3 1 6 8 88.16 0.9953193908304712
3 1 4 2 73.54 1.0166764078910062
3 2 4 4 77.52 1.0688843703050097
3 2 4 6 82.83 1.0515908805880605
3 2 0 2 80.07 0.9841143161661691
3 2 2 6 82.83 0.9517833500585927
3 2 6 2 80.07 1.0022549442737219
3 2 6 0 81.67 0.9809868274900829
3 2 8 8 88.38 1.0567597178069545
3 2 2 8 86.21 0.9606625452157855
3 2 6 8 87.06 0.9953193908304712
3 2 4 2 70.53 1.0166764078910062
3 3 4 4 73.54 1.0688843703050097
3 3 4 6 80.53 1.0515908805880605
3 3 0 2 80.53 0.9841143161661691
3 3 2 6 80.53 0.9517833500585927
3 3 6 2 80.53 1.0022549442737219
3 3 6 0 83.08 0.9809868274900829
3 3 8 8 87.52 1.0567597178069545
3 3 2 8 84.68 0.9606625452157855
3 3 6 8 85.84 0.9953193908304712
3 3 4 2 73.54 1.0166764078910062
3 4 4 4 70.53 1.0688843703050097
3 4 4 6 77.52 1.0515908805880605
3 4 0 2 81.67 0.9841143161661691
3 4 2 6 77.52 0.9517833500585927
3 4 6 2 81.67 1.0022549442737219
3 4 6 0 84.51 0.9809868274900829
3 4 8 8 86.66 1.0567597178069545
3 4 2 8 82.83 0.9606625452157855
3 4 6 8 84.51 0.9953193908304712
3 4 4 2 77.52 1.0166764078910062
3 5 4 4 73.54 1.0688843703050097
3 5 4 6 73.54 1.0515908805880605
3 5 0 2 83.08 0.9841143161661691
3 5 2 6 73.54 0.9517833500585927
3 5 6 2 83.08 1.0022549442737219
3 5 6 0 85.84 0.9809868274900829
3 5 8 8 85.84 1.0567597178069545
3 5 2 8 80.53 0.9606625452157855
3 5 6 8 83.08 0.9953193908304712
3 5 4 2 80.53 1.0166764078910062
3 6 4 4 77.52 1.0688843703050097
3 6 4 6 70.53 1.0515908805880605
3 6 0 2 84.51 0.9841143161661691
3 6 2 6 70.53 0.9517833500585927
3 6 6 2 84.51 1.0022549442737219
3 6 6 0 87.06 0.9809868274900829
3 6 8 8 85.15 1.0567597178069545
3 6 2 8 77.52 0.9606625452157855
3 6 6 8 81.67 0.9953193908304712
3 6 4 2 82.83 1.0166764078910062
3 7 4 4 80.53 1.0688843703050097
3 7 4 6 73.54 1.0515908805880605
3 7 0 2 85.84 0.9841143161661691
3 7 2 6 73.54 0.9517833500585927
3 7 6 2 85.84 1.0022549442737219
3 7 6 0 88.16 0.9809868274900829
3 7 8 8 84.68 1.0567597178069545
3 7 2 8 73.54 0.9606625452157855
3 7 6 8 80.53 0.9953193908304712
3 7 4 2 84.68 1.0166764078910062
3 8 4 4 82.83 1.0688843703050097
3 8 4 6 77.52 1.0515908805880605
3 8 0 2 87.06 0.9841143161661691
3 8 2 6 77.52 0.9517833500585927
3 8 6 2 87.06 1.0022549442737219
3 8 6 0 89.16 0.9809868274900829
3 8 8 8 84.51 1.0567597178069545
3 8 2 8 70.53 0.9606625452157855
3 8 6 8 80.07 0.9953193908304712
3 8 4 2 86.21 1.0166764078910062
3 9 4 4 84.68 1.0688843703050097
3 9 4 6 80.53 1.0515908805880605
3 9 0 2 88.16 0.9841143161661691
3 9 2 6 80.53 0.9517833500585927
3 9 6 2 88.16 1.0022549442737219
3 9 6 0 90.07 0.9809868274900829
3 9 8 8 84.68 1.0567597178069545
3 9 2 8 73.54 0.9606625452157855
3 9 6 8 80.53 0.9953193908304712
3 9 4 2 87.52 1.0166764078910062
4 0 4 4 82.57 1.0688843703050097
4 0 4 6 86.09 1.0515908805880605
4 0 0 2 83.54 0.9841143161661691
4 0 2 6 86.55 0.9517833500585927
4 0 6 2 79.56 1.0022549442737219
4 0 6 0 76.55 0.9809868274900829
4 0 8 8 89.56 1.0567597178069545
4 0 2 8 88.85 0.9606625452157855
4 0 6 8 88.85 0.9953193908304712
4 0 4 2 76.55 1.0166764078910062
4 1 4 4 80.07 1.0688843703050097
4 1 4 6 84.51 1.0515908805880605
4 1 0 2 82.83 0.9841143161661691
4 1 2 6 85.15 0.9517833500585927
4 1 6 2 77.52 1.0022549442737219
4 1 6 0 77.52 0.9809868274900829
4 1 8 8 88.66 1.0567597178069545
4 1 2 8 87.77 0.9606625452157855
4 1 6 8 87.77 0.9953193908304712
4 1 4 2 70.53 1.0166764078910062
4 2 4 4 76.55 1.0688843703050097
4 2 4 6 82.57 1.0515908805880605
4 2 0 2 82.57 0.9841143161661691
4 2 2 6 83.54 0.9517833500585927
4 2 6 2 76.55 1.0022549442737219
4 2 6 0 79.56 0.9809868274900829
4 2 8 8 87.69 1.0567597178069545
4 2 2 8 86.55 0.9606625452157855
4 2 6 8 86.55 0.9953193908304712
4 2 4 2 64.0 1.0166764078910062
4 3 4 4 70.53 1.0688843703050097
4 3 4 6 80.07 1.0515908805880605
4 3 0 2 82.83 0.9841143161661691
4 3 2 6 81.67 0.9517833500585927
4 3 6 2 77.52 1.0022549442737219
4 3 6 0 81.67 0.9809868274900829
4 3 8 8 86.66 1.0567597178069545
4 3 2 8 85.15 0.9606625452157855
4 3 6 8 85.15 0.9953193908304712
4 3 4 2 70.53 1.0166764078910062
4 4 4 4 64.0 1.0688843703050097
4 4 4 6 76.55 1.0515908805880605
4 4 0 2 83.54 0.9841143161661691
4 4 2 6 79.56 0.9517833500585927
4 4 6 2 79.56 1.0022549442737219
4 4 6 0 83.54 0.9809868274900829
4 4 8 8 85.58 1.0567597178069545
4 4 2 8 83.54 0.9606625452157855
4 4 6 8 83.54 0.9953193908304712
4 4 4 2 76.55 1.0166764078910062
4 5 4 4 70.53 1.0688843703050097
4 5 4 6 70.53 1.0515908805880605
4 5 0 2 84.51 0.9841143161661691
4 5 2 6 77.52 0.9517833500585927
4 5 6 2 81.67 1.0022549442737219
4 5 6 0 85.15 0.9809868274900829
4 5 8 8 84.51 1.0567597178069545
4 5 2 8 81.67 0.9606625452157855
4 5 6 8 81.67 0.9953193908304712
4 5 4 2 80.07 1.0166764078910062
4 6 4 4 76.55 1.0688843703050097
4 6 4 6 64.0 1.0515908805880605
4 6 0 2 85.58 0.9841143161661691
4 6 2 6 76.55 0.9517833500585927
4 6 6 2 83.54 1.0022549442737219
4 6 6 0 86.55 0.9809868274900829
4 6 8 8 83.54 1.0567597178069545
4 6 2 8 79.56 0.9606625452157855
4 6 6 8 79.56 0.9953193908304712
4 6 4 2 82.57 1.0166764078910062
4 7 4 4 80.07 1.0688843703050097
4 7 4 6 70.53 1.0515908805880605
4 7 0 2 86.66 0.9841143161661691
4 7 2 6 77.52 0.9517833500585927
4 7 6 2 85.15 1.0022549442737219
4 7 6 0 87.77 0.9809868274900829
4 7 8 8 82.83 1.0567597178069545
4 7 2 8 77.52 0.9606625452157855
4 7 6 8 77.52 0.9953193908304712
4 7 4 2 84.51 1.0166764078910062
4 8 4 4 82.57 1.0688843703050097
4 8 4 6 76.55 1.0515908805880605
4 8 0 2 87.69 0.9841143161661691
4 8 2 6 79.56 0.9517833500585927
4 8 6 2 86.55 1.0022549442737219
4 8 6 0 88.85 0.9809868274900829
4 8 8 8 82.57 1.0567597178069545
4 8 2 8 76.55 0.9606625452157855
4 8 6 8 76.55 0.9953193908304712
4 8 4 2 86.09 1.0166764078910062
4 9 4 4 84.51 1.0688843703050097
4 9 4 6 80.07 1.0515908805880605
4 9 0 2 88.66 0.9841143161661691
4 9 2 6 81.67 0.9517833500585927
4 9 6 2 87.77 1.0022549442737219
4 9 6 0 89.82 0.9809868274900829
4 9 8 8 82.83 1.0567597178069545
4 9 2 8 77.52 0.9606625452157855
4 9 6 8 77.52 0.9953193908304712
4 9 4 2 87.43 1.0166764078910062
5 0 4 4 82.83 1.0688843703050097
5 0 4 6 86.21 1.0515908805880605
5 0 0 2 85.15 0.9841143161661691
5 0 2 6 87.06 0.9517833500585927
5 0 6 2 77.52 1.0022549442737219
5 0 6 0 70.53 0.9809868274900829
5 0 8 8 89.16 1.0567597178069545
5 0 2 8 89.16 0.9606625452157855
5 0 6 8 88.66 0.9953193908304712
5 0 4 2 77.52 1.0166764078910062
5 1 4 4 80.53 1.0688843703050097
5 1 4 6 84.68 1.0515908805880605
5 1 0 2 84.68 0.9841143161661691
5 1 2 6 85.84 0.9517833500585927
5 1 6 2 73.54 1.0022549442737219
5 1 6 0 73.54 0.9809868274900829
5 1 8 8 88.16 1.0567597178069545
5 1 2 8 88.16 0.9606625452157855
5 1 6 8 87.52 0.9953193908304712
5 1 4 2 73.54 1.0166764078910062
5 2 4 4 77.52 1.0688843703050097
5 2 4 6 82.83 1.0515908805880605
5 2 0 2 84.51 0.9841143161661691
5 2 2 6 84.51 0.9517833500585927
5 2 6 2 70.53 1.0022549442737219
5 2 6 0 77.52 0.9809868274900829
5 2 8 8 87.06 1.0567597178069545
5 2 2 8 87.06 0.9606625452157855
5 2 6 8 86.21 0.9953193908304712
5 2 4 2 70.53 1.0166764078910062
5 3 4 4 73.54 1.0688843703050097
5 3 4 6 80.53 1.0515908805880605
5 3 0 2 84.68 0.9841143161661691
5 3 2 6 83.08 0.9517833500585927
5 3 6 2 73.54 1.0022549442737219
5 3 6 0 80.53 0.9809868274900829
5 3 8 8 85.84 1.0567597178069545
5 3 2 8 85.84 0.9606625452157855
5 3 6 8 84.68 0.9953193908304712
5 3 4 2 73.54 1.0166764078910062
5 4 4 4 70.53 1.0688843703050097
5 4 4 6 77.52 1.0515908805880605
5 4 0 2 85.15 0.9841143161661691
5 4 2 6 81.67 0.9517833500585927
5 4 6 2 77.52 1.0022549442737219
5 4 6 0 82.83 0.9809868274900829
5 4 8 8 84.51 1.0567597178069545
5 4 2 8 84.51 0.9606625452157855
5 4 6 8 82.83 0.9953193908304712
5 4 4 2 77.52 1.0166764078910062
5 5 4 4 73.54 1.0688843703050097
5 5 4 6 73.54 1.0515908805880605
5 5 0 2 85.84 0.9841143161661691
5 5 2 6 80.53 0.9517833500585927
5 5 6 2 80.53 1.0022549442737219
5 5 6 0 84.68 0.9809868274900829
5 5 8 8 83.08 1.0567597178069545
5 5 2 8 83.08 0.9606625452157855
5 5 6 8 80.53 0.9953193908304712
5 5 4 2 80.53 1.0166764078910062
5 6 4 4 77.52 1.0688843703050097
5 6 4 6 70.53 1.0515908805880605
5 6 0 2 86.66 0.9841143161661691
5 6 2 6 80.07 0.9517833500585927
5 6 6 2 82.83 1.0022549442737219
5 6 6 0 86.21 0.9809868274900829
5 6 8 8 81.67 1.0567597178069545
5 6 2 8 81.67 0.9606625452157855
5 6 6 8 77.52 0.9953193908304712
5 6 4 2 82.83 1.0166764078910062
5 7 4 4 80.53 1.0688843703050097
5 7 4 6 73.54 1.0515908805880605
5 7 0 2 87.52 0.9841143161661691
5 7 2 6 80.53 0.9517833500585927
5 7 6 2 84.68 1.0022549442737219
5 7 6 0 87.52 0.9809868274900829
5 7 8 8 80.53 1.0567597178069545
5 7 2 8 80.53 0.9606625452157855
5 7 6 8 73.54 0.9953193908304712
5 7 4 2 84.68 1.0166764078910062
5 8 4 4 82.83 1.0688843703050097
5 8 4 6 77.52 1.0515908805880605
5 8 0 2 88.38 0.9841143161661691
5 8 2 6 81.67 0.9517833500585927
5 8 6 2 86.21 1.0022549442737219
5 8 6 0 88.66 0.9809868274900829
5 8 8 8 80.07 1.0567597178069545
5 8 2 8 80.07 0.9606625452157855
5 8 6 8 70.53 0.9953193908304712
5 8 4 2 86.21 1.0166764078910062
5 9 4 4 84.68 1.0688843703050097
5 9 4 6 80.53 1.0515908805880605
5 9 0 2 89.22 0.9841143161661691
5 9 2 6 83.08 0.9517833500585927
5 9 6 2 87.52 1.0022549442737219
5 9 6 0 89.67 0.9809868274900829
5 9 8 8 80.53 1.0567597178069545
5 9 2 8 80.53 0.9606625452157855
5 9 6 8 73.54 0.9953193908304712
5 9 4 2 87.52 1.0166764078910062
6 0 4 4 83.54 1.0688843703050097
6 0 4 6 86.55 1.0515908805880605
6 0 0 2 86.55 0.9841143161661691
6 0 2 6 87.69 0.9517833500585927
6 0 6 2 76.55 1.0022549442737219
6 0 6 0 64.0 0.9809868274900829
6 0 8 8 88.85 1.0567597178069545
6 0 2 8 89.56 0.9606625452157855
6 0 6 8 88.59 0.9953193908304712
6 0 4 2 79.56 1.0166764078910062
6 1 4 4 81.67 1.0688843703050097
6 1 4 6 85.15 1.0515908805880605
6 1 0 2 86.21 0.9841143161661691
6 1 2 6 86.66 0.9517833500585927
6 1 6 2 70.53 1.0022549442737219
6 1 6 0 70.53 0.9809868274900829
6 1 8 8 87.77 1.0567597178069545
6 1 2 8 88.66 0.9606625452157855
6 1 6 8 87.43 0.9953193908304712
6 1 4 2 77.52 1.0166764078910062
6 2 4 4 79.56 1.0688843703050097
6 2 4 6 83.54 1.0515908805880605
6 2 0 2 86.09 0.9841143161661691
6 2 2 6 85.58 0.9517833500585927
6 2 6 2 64.0 1.0022549442737219
6 2 6 0 76.55 0.9809868274900829
6 2 8 8 86.55 1.0567597178069545
6 2 2 8 87.69 0.9606625452157855
6 2 6 8 86.09 0.9953193908304712
6 2 4 2 76.55 1.0166764078910062
6 3 4 4 77.52 1.0688843703050097
6 3 4 6 81.67 1.0515908805880605
6 3 0 2 86.21 0.9841143161661691
6 3 2 6 84.51 0.9517833500585927
6 3 6 2 70.53 1.0022549442737219
6 3 6 0 80.07 0.9809868274900829
6 3 8 8 85.15 1.0567597178069545
6 3 2 8 86.66 0.9606625452157855
6 3 6 8 84.51 0.9953193908304712
6 3 4 2 77.52 1.0166764078910062
6 4 4 4 76.55 1.0688843703050097
6 4 4 6 79.56 1.0515908805880605
6 4 0 2 86.55 0.9841143161661691
6 4 2 6 83.54 0.9517833500585927
6 4 6 2 76.55 1.0022549442737219
6 4 6 0 82.57 0.9809868274900829
6 4 8 8 83.54 1.0567597178069545
6 4 2 8 85.58 0.9606625452157855
6 4 6 8 82.57 0.9953193908304712
6 4 4 2 79.56 1.0166764078910062
6 5 4 4 77.52 1.0688843703050097
6 5 4 6 77.52 1.0515908805880605
6 5 0 2 87.06 0.9841143161661691
6 5 2 6 82.83 0.9517833500585927
6 5 6 2 80.07 1.0022549442737219
6 5 6 0 84.51 0.9809868274900829
6 5 8 8 81.67 1.0567597178069545
6 5 2 8 84.51 0.9606625452157855
6 5 6 8 80.07 0.9953193908304712
6 5 4 2 81.67 1.0166764078910062
6 6 4 4 79.56 1.0688843703050097
6 6 4 6 76.55 1.0515908805880605
6 6 0 2 87.69 0.9841143161661691
6 6 2 6 82.57 0.9517833500585927
6 6 6 2 82.57 1.0022549442737219
6 6 6 0 86.09 0.9809868274900829
6 6 8 8 79.56 1.0567597178069545
6 6 2 8 83.54 0.9606625452157855
6 6 6 8 76.55 0.9953193908304712
6 6 4 2 83.54 1.0166764078910062
6 7 4 4 81.67 1.0688843703050097
6 7 4 6 77.52 1.0515908805880605
6 7 0 2 88.38 0.9841143161661691
6 7 2 6 82.83 0.9517833500585927
6 7 6 2 84.51 1.0022549442737219
6 7 6 0 87.43 0.9809868274900829
6 7 8 8 77.52 1.0567597178069545
6 7 2 8 82.83 0.9606625452157855
6 7 6 8 70.53 0.9953193908304712
6 7 4 2 85.15 1.0166764078910062
6 8 4 4 83.54 1.0688843703050097
6 8 4 6 79.56 1.0515908805880605
6 8 0 2 89.1 0.9841143161661691
6 8 2 6 83.54 0.9517833500585927
6 8 6 2 86.09 1.0022549442737219
6 8 6 0 88.59 0.9809868274900829
6 8 8 8 76.55 1.0567597178069545
6 8 2 8 82.57 0.9606625452157855
6 8 6 8 64.0 0.9953193908304712
6 8 4 2 86.55 1.0166764078910062
6 9 4 4 85.15 1.0688843703050097
6 9 4 6 81.67 1.0515908805880605
6 9 0 2 89.82 0.9841143161661691
6 9 2 6 84.51 0.9517833500585927
6 9 6 2 87.43 1.0022549442737219
6 9 6 0 89.61 0.9809868274900829
6 9 8 8 77.52 1.0567597178069545
6 9 2 8 82.83 0.9606625452157855
6 9 6 8 70.53 0.9953193908304712
6 9 4 2 87.77 1.0166764078910062
7 0 4 4 84.51 1.0688843703050097
7 0 4 6 87.06 1.0515908805880605
7 0 0 2 87.77 0.9841143161661691
7 0 2 6 88.38 0.9517833500585927
7 0 6 2 77.52 1.0022549442737219
7 0 6 0 70.53 0.9809868274900829
7 0 8 8 88.66 1.0567597178069545
7 0 2 8 90.02 0.9606625452157855
7 0 6 8 88.66 0.9953193908304712
7 0 4 2 81.67 1.0166764078910062
7 1 4 4 83.08 1.0688843703050097
7 1 4 6 85.84 1.0515908805880605
7 1 0 2 87.52 0.9841143161661691
7 1 2 6 87.52 0.9517833500585927
7 1 6 2 73.54 1.0022549442737219
7 1 6 0 73.54 0.9809868274900829
7 1 8 8 87.52 1.0567597178069545
7 1 2 8 89.22 0.9606625452157855
7 1 6 8 87.52 0.9953193908304712
7 1 4 2 80.53 1.0166764078910062
7 2 4 4 81.67 1.0688843703050097
7 2 4 6 84.51 1.0515908805880605
7 2 0 2 87.43 0.9841143161661691
7 2 2 6 86.66 0.9517833500585927
7 2 6 2 70.53 1.0022549442737219
7 2 6 0 77.52 0.9809868274900829
7 2 8 8 86.21 1.0567597178069545
7 2 2 8 88.38 0.9606625452157855
7 2 6 8 86.21 0.9953193908304712
7 2 4 2 80.07 1.0166764078910062
7 3 4 4 80.53 1.0688843703050097
7 3 4 6 83.08 1.0515908805880605
7 3 0 2 87.52 0.9841143161661691
7 3 2 6 85.84 0.9517833500585927
7 3 6 2 73.54 1.0022549442737219
7 3 6 0 80.53 0.9809868274900829
7 3 8 8 84.68 1.0567597178069545
7 3 2 8 87.52 0.9606625452157855
7 3 6 8 84.68 0.9953193908304712
7 3 4 2 80.53 1.0166764078910062
7 4 4 4 80.07 1.0688843703050097
7 4 4 6 81.67 1.0515908805880605
7 4 0 2 87.77 0.9841143161661691
7 4 2 6 85.15 0.9517833500585927
7 4 6 2 77.52 1.0022549442737219
7 4 6 0 82.83 0.9809868274900829
7 4 8 8 82.83 1.0567597178069545
7 4 2 8 86.66 0.9606625452157855
7 4 6 8 82.83 0.9953193908304712
7 4 4 2 81.67 1.0166764078910062
7 5 4 4 80.53 1.0688843703050097
7 5 4 6 80.53 1.0515908805880605
7 5 0 2 88.16 0.9841143161661691
7 5 2 6 84.68 0.9517833500585927
7 5 6 2 80.53 1.0022549442737219
7 5 6 0 84.68 0.9809868274900829
7 5 8 8 80.53 1.0567597178069545
7 5 2 8 85.84 0.9606625452157855
7 5 6 8 80.53 0.9953193908304712
7 5 4 2 83.08 1.0166764078910062
7 6 4 4 81.67 1.0688843703050097
7 6 4 6 80.07 1.0515908805880605
7 6 0 2 88.66 0.9841143161661691
7 6 2 6 84.51 0.9517833500585927
7 6 6 2 82.83 1.0022549442737219
7 6 6 0 86.21 0.9809868274900829
7 6 8 8 77.52 1.0567597178069545
7 6 2 8 85.15 0.9606625452157855
7 6 6 8 77.52 0.9953193908304712
7 6 4 2 84.51 1.0166764078910062
7 7 4 4 83.08 1.0688843703050097
7 7 4 6 80.53 1.0515908805880605
7 7 0 2 89.22 0.9841143161661691
7 7 2 6 84.68 0.9517833500585927
7 7 6 2 84.68 1.0022549442737219
7 7 6 0 87.52 0.9809868274900829
7 7 8 8 73.54 1.0567597178069545
7 7 2 8 84.68 0.9606625452157855
7 7 6 8 73.54 0.9953193908304712
7 7 4 2 85.84 1.0166764078910062
7 8 4 4 84.51 1.0688843703050097
7 8 4 6 81.67 1.0515908805880605
7 8 0 2 89.82 0.9841143161661691
7 8 2 6 85.15 0.9517833500585927
7 8 6 2 86.21 1.0022549442737219
7 8 6 0 88.66 0.9809868274900829
7 8 8 8 70.53 1.0567597178069545
7 8 2 8 84.51 0.9606625452157855
7 8 6 8 70.53 0.9953193908304712
7 8 4 2 87.06 1.0166764078910062
7 9 4 4 85.84 1.0688843703050097
7 9 4 6 83.08 1.0515908805880605
7 9 0 2 90.44 0.9841143161661691
7 9 2 6 85.84 0.9517833500585927
7 9 6 2 87.52 1.0022549442737219
7 9 6 0 89.67 0.9809868274900829
7 9 8 8 73.54 1.0567597178069545
7 9 2 8 84.68 0.9606625452157855
7 9 6 8 73.54 0.9953193908304712
7 9 4 2 88.16 1.0166764078910062
8 0 4 4 85.58 1.0688843703050097
8 0 4 6 87.69 1.0515908805880605
8 0 0 2 88.85 0.9841143161661691
8 0 2 6 89.1 0.9517833500585927
8 0 6 2 79.56 1.0022549442737219
8 0 6 0 76.55 0.9809868274900829
8 0 8 8 88.59 1.0567597178069545
8 0 2 8 90.53 0.9606625452157855
8 0 6 8 88.85 0.9953193908304712
8 0 4 2 83.54 1.0166764078910062
8 1 4 4 84.51 1.0688843703050097
8 1 4 6 86.66 1.0515908805880605
8 1 0 2 88.66 0.9841143161661691
8 1 2 6 88.38 0.9517833500585927
8 1 6 2 77.52 1.0022549442737219
8 1 6 0 77.52 0.9809868274900829
8 1 8 8 87.43 1.0567597178069545
8 1 2 8 89.82 0.9606625452157855
8 1 6 8 87.77 0.9953193908304712
8 1 4 2 82.83 1.0166764078910062
8 2 4 4 83.54 1.0688843703050097
8 2 4 6 85.58 1.0515908805880605
8 2 0 2 88.59 0.9841143161661691
8 2 2 6 87.69 0.9517833500585927
8 2 6 2 76.55 1.0022549442737219
8 2 6 0 79.56 0.9809868274900829
8 2 8 8 86.09 1.0567597178069545
8 2 2 8 89.1 0.9606625452157855
8 2 6 8 86.55 0.9953193908304712
8 2 4 2 82.57 1.0166764078910062
8 3 4 4 82.83 1.0688843703050097
8 3 4 6 84.51 1.0515908805880605
8 3 0 2 88.66 0.9841143161661691
8 3 2 6 87.06 0.9517833500585927
8 3 6 2 77.52 1.0022549442737219
8 3 6 0 81.67 0.9809868274900829
8 3 8 8 84.51 1.0567597178069545
8 3 2 8 88.38 0.9606625452157855
8 3 6 8 85.15 0.9953193908304712
8 3 4 2 82.83 1.0166764078910062
8 4 4 4 82.57 1.0688843703050097
8 4 4 6 83.54 1.0515908805880605
8 4 0 2 88.85 0.9841143161661691
8 4 2 6 86.55 0.9517833500585927
8 4 6 2 79.56 1.0022549442737219
8 4 6 0 83.54 0.9809868274900829
8 4 8 8 82.57 1.0567597178069545
8 4 2 8 87.69 0.9606625452157855
8 4 6 8 83.54 0.9953193908304712
8 4 4 2 83.54 1.0166764078910062
8 5 4 4 82.83 1.0688843703050097
8 5 4 6 82.83 1.0515908805880605
8 5 0 2 89.16 0.9841143161661691
8 5 2 6 86.21 0.9517833500585927
8 5 6 2 81.67 1.0022549442737219
8 5 6 0 85.15 0.9809868274900829
8 5 8 8 80.07 1.0567597178069545
8 5 2 8 87.06 0.9606625452157855
8 5 6 8 81.67 0.9953193908304712
8 5 4 2 84.51 1.0166764078910062
8 6 4 4 83.54 1.0688843703050097
8 6 4 6 82.57 1.0515908805880605
8 6 0 2 89.56 0.9841143161661691
8 6 2 6 86.09 0.9517833500585927
8 6 6 2 83.54 1.0022549442737219
8 6 6 0 86.55 0.9809868274900829
8 6 8 8 76.55 1.0567597178069545
8 6 2 8 86.55 0.9606625452157855
8 6 6 8 79.56 0.9953193908304712
8 6 4 2 85.58 1.0166764078910062
8 7 4 4 84.51 1.0688843703050097
8 7 4 6 82.83 1.0515908805880605
8 7 0 2 90.02 0.9841143161661691
8 7 2 6 86.21 0.9517833500585927
8 7 6 2 85.15 1.0022549442737219
8 7 6 0 87.77 0.9809868274900829
8 7 8 8 70.53 1.0567597178069545
8 7 2 8 86.21 0.9606625452157855
8 7 6 8 77.52 0.9953193908304712
8 7 4 2 86.66 1.0166764078910062
8 8 4 4 85.58 1.0688843703050097
8 8 4 6 83.54 1.0515908805880605
8 8 0 2 90.53 0.9841143161661691
8 8 2 6 86.55 0.9517833500585927
8 8 6 2 86.55 1.0022549442737219
8 8 6 0 88.85 0.9809868274900829
8 8 8 8 64.0 1.0567597178069545
8 8 2 8 86.09 0.9606625452157855
8 8 6 8 76.55 0.9953193908304712
8 8 4 2 87.69 1.0166764078910062
8 9 4 4 86.66 1.0688843703050097
8 9 4 6 84.51 1.0515908805880605
8 9 0 2 91.06 0.9841143161661691
8 9 2 6 87.06 0.9517833500585927
8 9 6 2 87.77 1.0022549442737219
8 9 6 0 89.82 0.9809868274900829
8 9 8 8 70.53 1.0567597178069545
8 9 2 8 86.21 0.9606625452157855
8 9 6 8 77.52 0.9953193908304712
8 9 4 2 88.66 1.0166764078910062
9 0 4 4 86.66 1.0688843703050097
9 0 4 6 88.38 1.0515908805880605
9 0 0 2 89.82 0.9841143161661691
9 0 2 6 89.82 0.9517833500585927
9 0 6 2 81.67 1.0022549442737219
9 0 6 0 80.07 0.9809868274900829
9 0 8 8 88.66 1.0567597178069545
9 0 2 8 91.06 0.9606625452157855
9 0 6 8 89.16 0.9953193908304712
9 0 4 2 85.15 1.0166764078910062
9 1 4 4 85.84 1.0688843703050097
9 1 4 6 87.52 1.0515908805880605
9 1 0 2 89.67 0.9841143161661691
9 1 2 6 89.22 0.9517833500585927
9 1 6 2 80.53 1.0022549442737219
9 1 6 0 80.53 0.9809868274900829
9 1 8 8 87.52 1.0567597178069545
9 1 2 8 90.44 0.9606625452157855
9 1 6 8 88.16 0.9953193908304712
9 1 4 2 84.68 1.0166764078910062
9 2 4 4 85.15 1.0688843703050097
9 2 4 6 86.66 1.0515908805880605
9 2 0 2 89.61 0.9841143161661691
9 2 2 6 88.66 0.9517833500585927
9 2 6 2 80.07 1.0022549442737219
9 2 6 0 81.67 0.9809868274900829
9 2 8 8 86.21 1.0567597178069545
9 2 2 8 89.82 0.9606625452157855
9 2 6 8 87.06 0.9953193908304712
9 2 4 2 84.51 1.0166764078910062
9 3 4 4 84.68 1.0688843703050097
9 3 4 6 85.84 1.0515908805880605
9 3 0 2 89.67 0.9841143161661691
9 3 2 6 88.16 0.9517833500585927
9 3 6 2 80.53 1.0022549442737219
9 3 6 0 83.08 0.9809868274900829
9 3 8 8 84.68 1.0567597178069545
9 3 2 8 89.22 0.9606625452157855
9 3 6 8 85.84 0.9953193908304712
9 3 4 2 84.68 1.0166764078910062
9 4 4 4 84.51 1.0688843703050097
9 4 4 6 85.15 1.0515908805880605
9 4 0 2 89.82 0.9841143161661691
9 4 2 6 87.77 0.9517833500585927
9 4 6 2 81.67 1.0022549442737219
9 4 6 0 84.51 0.9809868274900829
9 4 8 8 82.83 1.0567597178069545
9 4 2 8 88.66 0.9606625452157855
9 4 6 8 84.51 0.9953193908304712
9 4 4 2 85.15 1.0166764078910062
9 5 4 4 84.68 1.0688843703050097
9 5 4 6 84.68 1.0515908805880605
9 5 0 2 90.07 0.9841143161661691
9 5 2 6 87.52 0.9517833500585927
9 5 6 2 83.08 1.0022549442737219
9 5 6 0 85.84 0.9809868274900829
9 5 8 8 80.53 1.0567597178069545
9 5 2 8 88.16 0.9606625452157855
9 5 6 8 83.08 0.9953193908304712
9 5 4 2 85.84 1.0166764078910062
9 6 4 4 85.15 1.0688843703050097
9 6 4 6 84.51 1.0515908805880605
9 6 0 2 90.4 0.9841143161661691
9 6 2 6 87.43 0.9517833500585927
9 6 6 2 84.51 1.0022549442737219
9 6 6 0 87.06 0.9809868274900829
9 6 8 8 77.52 1.0567597178069545
9 6 2 8 87.77 0.9606625452157855
9 6 6 8 81.67 0.9953193908304712
9 6 4 2 86.66 1.0166764078910062
9 7 4 4 85.84 1.0688843703050097
9 7 4 6 84.68 1.0515908805880605
9 7 0 2 90.78 0.9841143161661691
9 7 2 6 87.52 0.9517833500585927
9 7 6 2 85.84 1.0022549442737219
9 7 6 0 88.16 0.9809868274900829
9 7 8 8 73.54 1.0567597178069545
9 7 2 8 87.52 0.9606625452157855
9 7 6 8 80.53 0.9953193908304712
9 7 4 2 87.52 1.0166764078910062
9 8 4 4 86.66 1.0688843703050097
9 8 4 6 85.15 1.0515908805880605
9 8 0 2 91.21 0.9841143161661691
9 8 2 6 87.77 0.9517833500585927
9 8 6 2 87.06 1.0022549442737219
9 8 6 0 89.16 0.9809868274900829
9 8 8 8 70.53 1.0567597178069545
9 8 2 8 87.43 0.9606625452157855
9 8 6 8 80.07 0.9953193908304712
9 8 4 2 88.38 1.0166764078910062
9 9 4 4 87.52 1.0688843703050097
9 9 4 6 85.84 1.0515908805880605
9 9 0 2 91.67 0.9841143161661691
9 9 2 6 88.16 0.9517833500585927
9 9 6 2 88.16 1.0022549442737219
9 9 6 0 90.07 0.9809868274900829
9 9 8 8 73.54 1.0567597178069545
9 9 2 8 87.52 0.9606625452157855
9 9 6 8 80.53 0.9953193908304712
9 9 4 2 89.22 1.0166764078910062
