0 2 1 1
0 4 1 1
0 6 1 1
0 24 1 1
0 32 1 1
0 39 1 1
1 1 1 1
1 5 1 1
1 10 1 1
1 12 1 1
1 15 1 1
1 20 1 1
1 26 1 1
1 34 1 1
1 38 1 1
2 3 1 1
2 7 1 1
2 9 1 1
2 17 1 1
2 22 1 1
2 24 1 1
2 28 1 1
2 32 1 1
3 0 1 1
3 5 1 1
3 8 1 1
3 13 1 1
3 16 1 1
3 33 1 1
4 2 1 1
4 10 1 1
4 20 1 1
4 28 1 1
4 37 1 1
5 4 1 1
5 13 1 1
5 16 1 1
5 18 1 1
5 22 1 1
5 30 1 1
6 1 1 1
6 19 1 1
6 24 1 1
6 37 1 1
7 5 1 1
7 17 1 1
7 26 1 1
7 28 1 1
7 30 1 1
7 32 1 1
7 36 1 1
8 2 1 1
8 10 1 1
8 14 1 1
8 19 1 1
8 23 1 1
9 3 1 1
9 13 1 1
9 24 1 1
9 27 1 1
9 33 1 1
9 36 1 1
10 0 1 1
10 12 1 1
10 37 1 1
10 39 1 1
11 2 1 1
11 6 1 1
11 9 1 1
11 15 1 1
12 1 1 1
12 5 1 1
12 25 1 1
12 29 1 1
12 31 1 1
12 34 1 1
13 2 1 1
13 15 1 1
14 1 1 1
14 11 1 1
14 13 1 1
14 20 1 1
14 29 1 1
14 33 1 1
14 38 1 1
15 5 1 1
15 12 1 1
15 14 1 1
15 21 1 1
15 35 1 1
15 39 1 1
16 0 1 1
16 2 1 1
16 6 1 1
16 13 1 1
16 16 1 1
16 18 1 1
16 24 1 1
16 26 1 1
16 28 1 1
16 36 1 1
17 17 1 1
17 20 1 1
17 27 1 1
17 31 1 1
18 3 1 1
18 15 1 1
18 19 1 1
18 23 1 1
18 26 1 1
18 29 1 1
18 33 1 1
18 38 1 1
19 2 1 1
19 7 1 1
19 9 1 1
19 30 1 1
20 6 1 1
20 8 1 1
20 16 1 1
20 27 1 1
20 32 1 1
20 35 1 1
21 9 1 1
21 15 1 1
21 18 1 1
21 22 1 1
21 33 1 1
21 36 1 1
22 1 1 1
22 30 1 1
22 35 1 1
22 37 1 1
23 24 1 1
23 26 1 1
23 29 1 1
23 31 1 1
23 39 1 1
24 8 1 1
24 17 1 1
24 21 1 1
24 23 1 1
24 37 1 1
25 3 1 1
25 6 1 1
25 11 1 1
25 19 1 1
25 25 1 1
25 33 1 1
26 1 1 1
26 12 1 1
26 15 1 1
26 18 1 1
26 22 1 1
26 24 1 1
26 32 1 1
26 39 1 1
27 2 1 1
27 6 1 1
27 8 1 1
27 16 1 1
27 21 1 1
27 28 1 1
27 30 1 1
27 33 1 1
27 38 1 1
28 11 1 1
28 20 1 1
28 25 1 1
28 31 1 1
29 2 1 1
29 4 1 1
29 15 1 1
29 17 1 1
29 23 1 1
29 28 1 1
29 35 1 1
30 6 1 1
30 13 1 1
30 18 1 1
30 29 1 1
30 31 1 1
31 2 1 1
31 12 1 1
31 19 1 1
31 22 1 1
31 26 1 1
31 28 1 1
31 36 1 1
31 38 1 1
32 9 1 1
32 13 1 1
32 15 1 1
32 17 1 1
32 23 1 1
32 30 1 1
32 37 1 1
33 0 1 1
33 18 1 1
33 25 1 1
33 27 1 1
33 33 1 1
34 8 1 1
34 11 1 1
34 13 1 1
34 16 1 1
34 23 1 1
34 26 1 1
34 28 1 1
34 32 1 1
34 35 1 1
35 6 1 1
35 10 1 1
35 15 1 1
35 34 1 1
35 37 1 1
36 9 1 1
36 12 1 1
36 18 1 1
36 21 1 1
36 25 1 1
36 27 1 1
36 29 1 1
37 2 1 1
37 19 1 1
37 24 1 1
37 28 1 1
37 33 1 1
37 37 1 1
38 11 1 1
38 20 1 1
38 25 1 1
38 27 1 1
38 29 1 1
38 35 1 1
38 38 1 1
39 5 1 1
39 7 1 1
39 10 1 1
39 26 1 1
