1.0336309183621597 0.0 0.0 0.0 0.0 0.0 0.0 0.0 0.0 0.0 
0.0 1.1699073991606326 0.0 0.0 0.0 0.0 0.0 0.0 0.0 0.0 
0.0 0.0 1.0018756209916544 0.0 0.0 0.0 0.0 0.0 0.0 0.0 
0.0 0.0 0.0 0.9146389268053283 0.0 0.0 0.0 0.0 0.0 0.0 
0.0 0.0 0.0 0.0 1.10493911329747 0.0 0.0 0.0 0.0 0.0 
0.0 0.0 0.0 0.0 0.0 1.04790804744509 0.0 0.0 0.0 0.0 
0.0 0.0 0.0 0.0 0.0 0.0 0.9026924199729905 0.0 0.0 0.0 
0.0 0.0 0.0 0.0 0.0 0.0 0.0 1.1706141821584959 0.0 0.0 
0.0 0.0 0.0 0.0 0.0 0.0 0.0 0.0 1.2024374630499777 0.0 
0.0 0.0 0.0 0.0 0.0 0.0 0.0 0.0 0.0 1.1279362837390108 
