0 0 2 2 85.58 1.0166764078910062
0 0 2 3 87.69 1.081622577039067
0 0 0 1 76.55 1.0009373711634781
0 0 1 3 86.55 0.9563675688799408
0 0 3 1 86.55 1.0511608408314448
0 0 3 0 86.09 1.0236737993350664
0 0 4 4 91.6 0.9501012682724882
0 0 1 4 88.85 1.0819492511936482
0 0 3 4 90.53 1.0965570952075308
0 0 2 1 83.54 1.062043447199318
0 1 2 2 83.54 1.0166764078910062
0 1 2 3 85.58 1.081622577039067
0 1 0 1 70.02 1.0009373711634781
0 1 1 3 83.54 0.9563675688799408
0 1 3 1 86.09 1.0511608408314448
0 1 3 0 86.55 1.0236737993350664
0 1 4 4 90.53 0.9501012682724882
0 1 1 4 86.55 1.0819492511936482
0 1 3 4 89.1 1.0965570952075308
0 1 2 1 82.57 1.062043447199318
0 2 2 2 82.57 1.0166764078910062
0 2 2 3 83.54 1.081622577039067
0 2 0 1 76.55 1.0009373711634781
0 2 1 3 79.56 0.9563675688799408
0 2 3 1 86.55 1.0511608408314448
0 2 3 0 87.69 1.0236737993350664
0 2 4 4 89.56 0.9501012682724882
0 2 1 4 83.54 1.0819492511936482
0 2 3 4 87.69 1.0965570952075308
0 2 2 1 83.54 1.062043447199318
0 3 2 2 83.54 1.0166764078910062
0 3 2 3 82.57 1.081622577039067
0 3 0 1 82.57 1.0009373711634781
0 3 1 3 76.55 0.9563675688799408
0 3 3 1 87.69 1.0511608408314448
0 3 3 0 89.1 1.0236737993350664
0 3 4 4 88.85 0.9501012682724882
0 3 1 4 79.56 1.0819492511936482
0 3 3 4 86.55 1.0965570952075308
0 3 2 1 85.58 1.062043447199318
0 4 2 2 85.58 1.0166764078910062
0 4 2 3 83.54 1.081622577039067
0 4 0 1 86.09 1.0009373711634781
0 4 1 3 79.56 0.9563675688799408
0 4 3 1 89.1 1.0511608408314448
0 4 3 0 90.53 1.0236737993350664
0 4 4 4 88.59 0.9501012682724882
0 4 1 4 76.55 1.0819492511936482
0 4 3 4 86.09 1.0965570952075308
0 4 2 1 87.69 1.062043447199318
1 0 2 2 83.54 1.0166764078910062
1 0 2 3 86.55 1.081622577039067
1 0 0 1 79.56 1.0009373711634781
1 0 1 3 86.09 0.9563675688799408
1 0 3 1 83.54 1.0511608408314448
1 0 3 0 82.57 1.0236737993350664
1 0 4 4 90.53 0.9501012682724882
1 0 1 4 88.59 1.0819492511936482
1 0 3 4 89.56 1.0965570952075308
1 0 2 1 79.56 1.062043447199318
1 1 2 2 79.56 1.0166764078910062
1 1 2 3 83.54 1.081622577039067
1 1 0 1 76.55 1.0009373711634781
1 1 1 3 82.57 0.9563675688799408
1 1 3 1 82.57 1.0511608408314448
1 1 3 0 83.54 1.0236737993350664
1 1 4 4 89.1 0.9501012682724882
1 1 1 4 86.09 1.0819492511936482
1 1 3 4 87.69 1.0965570952075308
1 1 2 1 76.55 1.062043447199318
1 2 2 2 76.55 1.0166764078910062
1 2 2 3 79.56 1.081622577039067
1 2 0 1 79.56 1.0009373711634781
1 2 1 3 76.55 0.9563675688799408
1 2 3 1 83.54 1.0511608408314448
1 2 3 0 85.58 1.0236737993350664
1 2 4 4 87.69 0.9501012682724882
1 2 1 4 82.57 1.0819492511936482
1 2 3 4 85.58 1.0965570952075308
1 2 2 1 79.56 1.062043447199318
1 3 2 2 79.56 1.0166764078910062
1 3 2 3 76.55 1.081622577039067
1 3 0 1 83.54 1.0009373711634781
1 3 1 3 70.02 0.9563675688799408
1 3 3 1 85.58 1.0511608408314448
1 3 3 0 87.69 1.0236737993350664
1 3 4 4 86.55 0.9501012682724882
1 3 1 4 76.55 1.0819492511936482
1 3 3 4 83.54 1.0965570952075308
1 3 2 1 83.54 1.062043447199318
1 4 2 2 83.54 1.0166764078910062
1 4 2 3 79.56 1.081622577039067
1 4 0 1 86.55 1.0009373711634781
1 4 1 3 76.55 0.9563675688799408
1 4 3 1 87.69 1.0511608408314448
1 4 3 0 89.56 1.0236737993350664
1 4 4 4 86.09 0.9501012682724882
1 4 1 4 70.02 1.0819492511936482
1 4 3 4 82.57 1.0965570952075308
1 4 2 1 86.55 1.062043447199318
2 0 2 2 82.57 1.0166764078910062
2 0 2 3 86.09 1.081622577039067
2 0 0 1 83.54 1.0009373711634781
2 0 1 3 86.55 0.9563675688799408
2 0 3 1 79.56 1.0511608408314448
2 0 3 0 76.55 1.0236737993350664
2 0 4 4 89.56 0.9501012682724882
2 0 1 4 88.85 1.0819492511936482
2 0 3 4 88.86 1.0965570952075308
2 0 2 1 76.55 1.062043447199318
2 1 2 2 76.55 1.0166764078910062
2 1 2 3 82.57 1.081622577039067
2 1 0 1 82.57 1.0009373711634781
2 1 1 3 83.54 0.9563675688799408
2 1 3 1 76.55 1.0511608408314448
2 1 3 0 79.56 1.0236737993350664
2 1 4 4 87.69 0.9501012682724882
2 1 1 4 86.55 1.0819492511936482
2 1 3 4 86.55 1.0965570952075308
2 1 2 1 70.02 1.062043447199318
2 2 2 2 70.02 1.0166764078910062
2 2 2 3 76.55 1.081622577039067
2 2 0 1 83.54 1.0009373711634781
2 2 1 3 79.56 0.9563675688799408
2 2 3 1 79.56 1.0511608408314448
2 2 3 0 83.54 1.0236737993350664
2 2 4 4 85.58 0.9501012682724882
2 2 1 4 83.54 1.0819492511936482
2 2 3 4 83.54 1.0965570952075308
2 2 2 1 76.55 1.062043447199318
2 3 2 2 76.55 1.0166764078910062
2 3 2 3 70.02 1.081622577039067
2 3 0 1 85.58 1.0009373711634781
2 3 1 3 76.55 0.9563675688799408
2 3 3 1 83.54 1.0511608408314448
2 3 3 0 86.55 1.0236737993350664
2 3 4 4 83.54 0.9501012682724882
2 3 1 4 79.56 1.0819492511936482
2 3 3 4 79.56 1.0965570952075308
2 3 2 1 82.57 1.062043447199318
2 4 2 2 82.57 1.0166764078910062
2 4 2 3 76.55 1.081622577039067
2 4 0 1 87.69 1.0009373711634781
2 4 1 3 79.56 0.9563675688799408
2 4 3 1 86.55 1.0511608408314448
2 4 3 0 88.85 1.0236737993350664
2 4 4 4 82.57 0.9501012682724882
2 4 1 4 76.55 1.0819492511936482
2 4 3 4 76.55 1.0965570952075308
2 4 2 1 86.09 1.062043447199318
3 0 2 2 83.54 1.0166764078910062
3 0 2 3 86.55 1.081622577039067
3 0 0 1 86.55 1.0009373711634781
3 0 1 3 87.69 0.9563675688799408
3 0 3 1 76.55 1.0511608408314448
3 0 3 0 70.02 1.0236737993350664
3 0 4 4 88.85 0.9501012682724882
3 0 1 4 89.56 1.0819492511936482
3 0 3 4 88.59 1.0965570952075308
3 0 2 1 79.56 1.062043447199318
3 1 2 2 79.56 1.0166764078910062
3 1 2 3 83.54 1.081622577039067
3 1 0 1 86.09 1.0009373711634781
3 1 1 3 85.58 0.9563675688799408
3 1 3 1 70.02 1.0511608408314448
3 1 3 0 76.55 1.0236737993350664
3 1 4 4 86.55 0.9501012682724882
3 1 1 4 87.69 1.0819492511936482
3 1 3 4 86.09 1.0965570952075308
3 1 2 1 76.55 1.062043447199318
3 2 2 2 76.55 1.0166764078910062
3 2 2 3 79.56 1.081622577039067
3 2 0 1 86.55 1.0009373711634781
3 2 1 3 83.54 0.9563675688799408
3 2 3 1 76.55 1.0511608408314448
3 2 3 0 82.57 1.0236737993350664
3 2 4 4 83.54 0.9501012682724882
3 2 1 4 85.58 1.0819492511936482
3 2 3 4 82.57 1.0965570952075308
3 2 2 1 79.56 1.062043447199318
3 3 2 2 79.56 1.0166764078910062
3 3 2 3 76.55 1.081622577039067
3 3 0 1 87.69 1.0009373711634781
3 3 1 3 82.57 0.9563675688799408
3 3 3 1 82.57 1.0511608408314448
3 3 3 0 86.09 1.0236737993350664
3 3 4 4 79.56 0.9501012682724882
3 3 1 4 83.54 1.0819492511936482
3 3 3 4 76.55 1.0965570952075308
3 3 2 1 83.54 1.062043447199318
3 4 2 2 83.54 1.0166764078910062
3 4 2 3 79.56 1.081622577039067
3 4 0 1 89.1 1.0009373711634781
3 4 1 3 83.54 0.9563675688799408
3 4 3 1 86.09 1.0511608408314448
3 4 3 0 88.59 1.0236737993350664
3 4 4 4 76.55 0.9501012682724882
3 4 1 4 82.57 1.0819492511936482
3 4 3 4 70.02 1.0965570952075308
3 4 2 1 86.55 1.062043447199318
4 0 2 2 85.58 1.0166764078910062
4 0 2 3 87.69 1.081622577039067
4 0 0 1 88.85 1.0009373711634781
4 0 1 3 89.1 0.9563675688799408
4 0 3 1 79.56 1.0511608408314448
4 0 3 0 76.55 1.0236737993350664
4 0 4 4 88.59 0.9501012682724882
4 0 1 4 90.53 1.0819492511936482
4 0 3 4 88.86 1.0965570952075308
4 0 2 1 83.54 1.062043447199318
4 1 2 2 83.54 1.0166764078910062
4 1 2 3 85.58 1.081622577039067
4 1 0 1 88.59 1.0009373711634781
4 1 1 3 87.69 0.9563675688799408
4 1 3 1 76.55 1.0511608408314448
4 1 3 0 79.56 1.0236737993350664
4 1 4 4 86.09 0.9501012682724882
4 1 1 4 89.1 1.0819492511936482
4 1 3 4 86.55 1.0965570952075308
4 1 2 1 82.57 1.062043447199318
4 2 2 2 82.57 1.0166764078910062
4 2 2 3 83.54 1.081622577039067
4 2 0 1 88.85 1.0009373711634781
4 2 1 3 86.55 0.9563675688799408
4 2 3 1 79.56 1.0511608408314448
4 2 3 0 83.54 1.0236737993350664
4 2 4 4 82.57 0.9501012682724882
4 2 1 4 87.69 1.0819492511936482
4 2 3 4 83.54 1.0965570952075308
4 2 2 1 83.54 1.062043447199318
4 3 2 2 83.54 1.0166764078910062
4 3 2 3 82.57 1.081622577039067
4 3 0 1 89.56 1.0009373711634781
4 3 1 3 86.09 0.9563675688799408
4 3 3 1 83.54 1.0511608408314448
4 3 3 0 86.55 1.0236737993350664
4 3 4 4 76.55 0.9501012682724882
4 3 1 4 86.55 1.0819492511936482
4 3 3 4 79.56 1.0965570952075308
4 3 2 1 85.58 1.062043447199318
4 4 2 2 85.58 1.0166764078910062
4 4 2 3 83.54 1.081622577039067
4 4 0 1 90.53 1.0009373711634781
4 4 1 3 86.55 0.9563675688799408
4 4 3 1 86.55 1.0511608408314448
4 4 3 0 88.85 1.0236737993350664
4 4 4 4 70.02 0.9501012682724882
4 4 1 4 86.09 1.0819492511936482
4 4 3 4 76.55 1.0965570952075308
4 4 2 1 87.69 1.062043447199318
