0 0 1 1
0 2 1 1
0 5 1 1
0 9 1 1
0 11 1 1
0 14 1 1
0 16 1 1
0 19 1 1
0 25 1 1
0 27 1 1
0 29 1 1
0 35 1 1
1 1 1 1
1 4 1 1
1 7 1 1
1 10 1 1
1 12 1 1
1 15 1 1
1 17 1 1
1 20 1 1
1 28 1 1
1 31 1 1
1 33 1 1
2 2 1 1
2 6 1 1
2 11 1 1
2 13 1 1
2 16 1 1
2 19 1 1
2 24 1 1
2 26 1 1
2 29 1 1
2 35 1 1
2 37 1 1
2 39 1 1
3 0 1 1
3 4 1 1
3 12 1 1
3 14 1 1
3 18 1 1
3 21 1 1
3 23 1 1
3 28 1 1
3 32 1 1
3 34 1 1
4 1 1 1
4 3 1 1
4 5 1 1
4 7 1 1
4 10 1 1
4 13 1 1
4 16 1 1
4 25 1 1
4 27 1 1
4 30 1 1
4 35 1 1
4 37 1 1
5 9 1 1
5 12 1 1
5 14 1 1
5 18 1 1
5 21 1 1
5 24 1 1
5 28 1 1
5 31 1 1
6 1 1 1
6 6 1 1
6 8 1 1
6 11 1 1
6 16 1 1
6 19 1 1
6 22 1 1
6 26 1 1
6 32 1 1
7 3 1 1
7 10 1 1
7 24 1 1
7 27 1 1
7 30 1 1
7 33 1 1
7 38 1 1
8 1 1 1
8 6 1 1
8 8 1 1
8 14 1 1
8 22 1 1
8 32 1 1
8 35 1 1
8 37 1 1
9 0 1 1
9 9 1 1
9 12 1 1
9 15 1 1
9 17 1 1
9 19 1 1
9 21 1 1
9 24 1 1
9 26 1 1
9 29 1 1
9 34 1 1
10 1 1 1
10 3 1 1
10 7 1 1
10 10 1 1
10 16 1 1
10 27 1 1
10 31 1 1
10 33 1 1
10 38 1 1
11 6 1 1
11 8 1 1
11 11 1 1
11 15 1 1
11 23 1 1
11 26 1 1
11 28 1 1
11 32 1 1
11 39 1 1
12 1 1 1
12 10 1 1
12 12 1 1
12 17 1 1
12 22 1 1
12 24 1 1
12 27 1 1
12 30 1 1
12 33 1 1
12 35 1 1
13 2 1 1
13 4 1 1
13 7 1 1
13 9 1 1
13 13 1 1
13 15 1 1
13 18 1 1
13 20 1 1
13 28 1 1
13 31 1 1
13 36 1 1
14 3 1 1
14 6 1 1
14 10 1 1
14 12 1 1
14 21 1 1
14 23 1 1
14 25 1 1
14 34 1 1
14 37 1 1
14 39 1 1
15 0 1 1
15 2 1 1
15 5 1 1
15 7 1 1
15 9 1 1
15 11 1 1
15 14 1 1
15 17 1 1
15 19 1 1
15 24 1 1
15 29 1 1
15 36 1 1
15 38 1 1
16 13 1 1
16 16 1 1
16 20 1 1
16 22 1 1
16 26 1 1
16 30 1 1
16 33 1 1
17 1 1 1
17 3 1 1
17 8 1 1
17 10 1 1
17 14 1 1
17 24 1 1
17 36 1 1
17 39 1 1
18 7 1 1
18 11 1 1
18 18 1 1
18 20 1 1
18 27 1 1
18 31 1 1
18 35 1 1
19 2 1 1
19 6 1 1
19 9 1 1
19 12 1 1
19 19 1 1
19 25 1 1
19 29 1 1
19 32 1 1
19 37 1 1
20 3 1 1
20 7 1 1
20 11 1 1
20 13 1 1
20 21 1 1
20 26 1 1
20 28 1 1
20 34 1 1
20 36 1 1
20 38 1 1
21 0 1 1
21 2 1 1
21 4 1 1
21 6 1 1
21 14 1 1
21 17 1 1
21 20 1 1
21 24 1 1
21 29 1 1
21 33 1 1
21 39 1 1
22 1 1 1
22 7 1 1
22 9 1 1
22 12 1 1
22 15 1 1
22 22 1 1
22 25 1 1
22 28 1 1
22 31 1 1
22 34 1 1
22 36 1 1
23 2 1 1
23 5 1 1
23 18 1 1
23 21 1 1
23 24 1 1
23 29 1 1
23 38 1 1
24 0 1 1
24 3 1 1
24 8 1 1
24 11 1 1
24 14 1 1
24 19 1 1
24 23 1 1
24 25 1 1
24 27 1 1
24 30 1 1
24 34 1 1
24 37 1 1
25 1 1 1
25 13 1 1
25 22 1 1
25 24 1 1
25 26 1 1
25 28 1 1
25 33 1 1
25 38 1 1
26 0 1 1
26 5 1 1
26 7 1 1
26 9 1 1
26 12 1 1
26 16 1 1
26 23 1 1
26 27 1 1
26 32 1 1
26 37 1 1
27 11 1 1
27 13 1 1
27 15 1 1
27 18 1 1
27 20 1 1
27 22 1 1
27 26 1 1
27 30 1 1
27 34 1 1
27 38 1 1
28 0 1 1
28 2 1 1
28 4 1 1
28 6 1 1
28 10 1 1
28 14 1 1
28 16 1 1
28 21 1 1
28 25 1 1
28 29 1 1
28 31 1 1
28 37 1 1
29 3 1 1
29 12 1 1
29 17 1 1
29 22 1 1
29 27 1 1
29 30 1 1
29 33 1 1
29 38 1 1
30 6 1 1
30 8 1 1
30 16 1 1
30 18 1 1
30 20 1 1
30 24 1 1
30 32 1 1
30 36 1 1
31 3 1 1
31 7 1 1
31 10 1 1
31 14 1 1
31 17 1 1
31 26 1 1
31 28 1 1
31 31 1 1
31 35 1 1
31 37 1 1
32 1 1 1
32 8 1 1
32 11 1 1
32 16 1 1
32 18 1 1
32 25 1 1
32 29 1 1
32 33 1 1
32 38 1 1
33 4 1 1
33 7 1 1
33 9 1 1
33 13 1 1
33 15 1 1
33 23 1 1
33 26 1 1
33 28 1 1
33 30 1 1
33 34 1 1
33 36 1 1
33 39 1 1
34 1 1 1
34 3 1 1
34 6 1 1
34 8 1 1
34 10 1 1
34 12 1 1
34 17 1 1
34 19 1 1
34 22 1 1
34 24 1 1
34 27 1 1
34 32 1 1
34 35 1 1
34 37 1 1
35 0 1 1
35 2 1 1
35 11 1 1
35 13 1 1
35 16 1 1
35 23 1 1
35 25 1 1
35 29 1 1
35 31 1 1
35 34 1 1
35 36 1 1
35 38 1 1
36 1 1 1
36 4 1 1
36 6 1 1
36 9 1 1
36 12 1 1
36 14 1 1
36 18 1 1
36 22 1 1
36 24 1 1
36 26 1 1
36 28 1 1
36 30 1 1
36 35 1 1
37 2 1 1
37 5 1 1
37 7 1 1
37 11 1 1
37 13 1 1
37 15 1 1
37 17 1 1
37 21 1 1
37 23 1 1
37 25 1 1
37 27 1 1
37 31 1 1
38 1 1 1
38 12 1 1
38 16 1 1
38 20 1 1
38 24 1 1
38 29 1 1
38 34 1 1
39 2 1 1
39 4 1 1
39 8 1 1
39 13 1 1
39 15 1 1
39 23 1 1
39 28 1 1
39 30 1 1
39 32 1 1
39 36 1 1
39 39 1 1
