4 9 1.0688843703050097 1
9 7 1.0515908805880605 1
5 3 0.9841143161661691 1
0 5 0.9517833500585927 1
3 3 1.0022549442737219 1
6 5 0.9809868274900829 1
6 2 1.0567597178069545 1
5 1 0.9606625452157855 1
3 8 0.9953193908304712 1
6 1 1.0166764078910062 1
4 5 1.081622577039067 1
7 4 1.0009373711634781 1
2 7 0.9563675688799408 1
6 4 1.0511608408314448 1
1 7 1.0236737993350664 1
3 6 0.9501012682724882 1
8 5 1.0819492511936482 1
1 2 1.0965570952075308 1
7 9 1.062043447199318 1
3 2 1.0804331900879167 1
6 8 0.9620295138638666 1
7 7 1.0459663496520257 1
1 8 1.0797676575935988 1
3 9 1.0367967863830883 1
8 2 0.9944285430905427 1
0 9 0.9201402416136731 1
4 2 0.9868343670907568 1
6 0 1.0221773946887605 1
7 1 1.0826022106475797 1
7 5 1.0933212735541518 1
8 9 0.9954019553105434 1
5 5 1.073061985554328 1
4 0 0.9520984620783919 1
2 6 1.0610055654026045 1
9 0 1.009739860767118 1
5 6 0.9028083400328039 1
9 5 1.0439409372807908 1
0 3 0.9797647084448537 1
9 2 1.0649689954296466 1
5 8 1.0336306402463702 1
3 5 0.9002285638628856 1
7 2 0.998715573293065 1
0 0 1.0735205550985563 1
9 6 0.9487821753774265 1
4 6 0.965040872549478 1
9 8 1.0740942464217311 1
2 5 0.9382134183004781 1
6 9 1.0135021481241344 1
5 0 0.947723185723044 1
7 3 1.0935080500580288 1
6 7 1.0606358938559741 1
5 7 0.9895939142871142 1
7 6 0.9160891637105071 1
3 1 0.9640109209345092 1
2 1 1.0015881285041148 1
1 5 1.0865667648453814 1
2 0 0.9218115691862208 1
0 4 1.0102534492181103 1
7 0 1.041312281973378 1
8 4 1.0094881822656847 1
1 4 1.0628933726582672 1
4 4 1.0080567213940648 1
8 8 1.0927677091947603 1
3 4 1.0206371255922766 1
2 8 1.0175234128350874 1
8 6 0.9889978052551033 1
9 9 1.0192573723166214 1
4 3 0.9769802291945321 1
8 1 1.0151302028329778 1
9 3 0.9580659004805516 1
3 7 0.9378782657108713 1
8 3 0.9373459056511111 1
2 9 1.0225546359737214 1
2 2 1.031331877797926 1
3 0 0.9953061984018762 1
5 9 0.9179648722391187 1
1 0 1.0515207843932874 1
2 4 1.075354074164555 1
0 6 1.0846762031892563 1
1 9 1.0684920446280366 1
6 6 1.079634624271576 1
7 8 1.0846164879640354 1
8 7 1.008119984989611 1
4 7 0.9782592100469251 1
0 2 1.0410566799708814 1
8 0 0.9551268242624255 1
4 1 1.0623257417015757 1
5 2 1.0698971930372734 1
6 3 1.079007793485335 1
1 6 1.017960236706232 1
5 4 1.0899529746464243 1
9 4 1.0159390021491213 1
9 1 0.9901126213262311 1
0 1 1.0320490757244778 1
1 3 1.0992515678707147 1
4 8 1.0833882435894913 1
0 7 1.058665016826045 1
1 1 0.9164745976393295 1
0 8 1.0225566210081425 1
2 3 0.9972888403938334 1
