0 6 1 1
0 27 1 1
0 29 1 1
1 0 1 1
1 2 1 1
1 7 1 1
1 11 1 1
1 16 1 1
1 25 1 1
1 34 1 1
2 10 1 1
2 17 1 1
2 19 1 1
2 28 1 1
3 18 1 1
3 20 1 1
3 23 1 1
3 38 1 1
5 7 1 1
5 16 1 1
5 30 1 1
5 39 1 1
6 0 1 1
6 10 1 1
6 15 1 1
6 35 1 1
7 16 1 1
7 18 1 1
7 26 1 1
7 36 1 1
8 1 1 1
8 21 1 1
8 37 1 1
9 4 1 1
9 11 1 1
9 14 1 1
9 17 1 1
9 23 1 1
9 27 1 1
9 30 1 1
10 24 1 1
10 32 1 1
10 35 1 1
10 37 1 1
11 12 1 1
11 26 1 1
11 28 1 1
12 5 1 1
12 29 1 1
12 32 1 1
13 2 1 1
13 39 1 1
14 14 1 1
14 16 1 1
14 19 1 1
14 23 1 1
14 25 1 1
14 27 1 1
14 31 1 1
14 35 1 1
15 0 1 1
15 10 1 1
15 24 1 1
15 26 1 1
15 29 1 1
15 36 1 1
16 8 1 1
16 21 1 1
16 37 1 1
17 22 1 1
17 39 1 1
18 11 1 1
18 35 1 1
18 37 1 1
19 2 1 1
19 25 1 1
19 34 1 1
19 36 1 1
20 8 1 1
20 18 1 1
21 2 1 1
21 5 1 1
21 19 1 1
21 32 1 1
21 39 1 1
22 6 1 1
22 9 1 1
22 13 1 1
23 10 1 1
23 16 1 1
23 18 1 1
23 26 1 1
23 29 1 1
24 0 1 1
24 7 1 1
24 23 1 1
25 9 1 1
25 32 1 1
25 37 1 1
26 0 1 1
26 6 1 1
26 31 1 1
27 1 1 1
27 5 1 1
27 10 1 1
27 16 1 1
27 23 1 1
27 28 1 1
27 34 1 1
28 6 1 1
28 17 1 1
28 32 1 1
29 34 1 1
29 38 1 1
30 0 1 1
30 3 1 1
30 23 1 1
30 25 1 1
31 5 1 1
31 8 1 1
31 16 1 1
31 29 1 1
31 31 1 1
31 36 1 1
32 3 1 1
32 11 1 1
32 20 1 1
32 30 1 1
32 33 1 1
33 36 1 1
33 39 1 1
34 8 1 1
34 11 1 1
34 23 1 1
34 28 1 1
34 32 1 1
35 3 1 1
35 10 1 1
35 20 1 1
36 4 1 1
36 9 1 1
36 11 1 1
36 14 1 1
36 16 1 1
36 33 1 1
37 6 1 1
37 17 1 1
37 21 1 1
37 29 1 1
37 36 1 1
37 38 1 1
38 2 1 1
38 10 1 1
38 12 1 1
38 18 1 1
38 31 1 1
38 39 1 1
39 1 1 1
39 8 1 1
39 28 1 1
