0 3 1 1
0 6 1 1
0 9 1 1
0 14 1 1
0 16 1 1
0 23 1 1
0 26 1 1
0 29 1 1
0 31 1 1
1 8 1 1
1 11 1 1
1 19 1 1
1 22 1 1
1 25 1 1
1 28 1 1
1 33 1 1
1 36 1 1
2 0 1 1
2 2 1 1
2 6 1 1
2 10 1 1
2 13 1 1
2 18 1 1
2 32 1 1
2 35 1 1
3 14 1 1
3 16 1 1
3 19 1 1
3 21 1 1
3 24 1 1
3 27 1 1
3 29 1 1
4 1 1 1
4 6 1 1
4 11 1 1
4 13 1 1
4 22 1 1
4 25 1 1
4 35 1 1
5 9 1 1
5 20 1 1
5 28 1 1
5 33 1 1
5 39 1 1
6 1 1 1
6 5 1 1
6 10 1 1
6 16 1 1
6 25 1 1
6 29 1 1
6 31 1 1
6 34 1 1
6 37 1 1
7 0 1 1
7 4 1 1
7 8 1 1
7 15 1 1
7 18 1 1
7 22 1 1
7 30 1 1
7 33 1 1
7 35 1 1
8 2 1 1
8 7 1 1
8 13 1 1
8 20 1 1
8 24 1 1
8 31 1 1
8 34 1 1
8 39 1 1
9 5 1 1
9 8 1 1
9 10 1 1
9 15 1 1
9 17 1 1
9 28 1 1
9 36 1 1
9 38 1 1
10 0 1 1
10 2 1 1
10 6 1 1
10 12 1 1
10 18 1 1
10 20 1 1
10 23 1 1
10 25 1 1
10 27 1 1
10 29 1 1
10 33 1 1
10 37 1 1
11 4 1 1
11 7 1 1
11 13 1 1
11 17 1 1
11 31 1 1
11 38 1 1
12 0 1 1
12 3 1 1
12 9 1 1
12 12 1 1
12 19 1 1
12 21 1 1
12 24 1 1
12 26 1 1
12 32 1 1
12 34 1 1
13 2 1 1
13 4 1 1
13 11 1 1
13 15 1 1
13 17 1 1
13 20 1 1
13 36 1 1
13 38 1 1
14 0 1 1
14 3 1 1
14 10 1 1
14 13 1 1
14 19 1 1
14 27 1 1
14 30 1 1
15 5 1 1
15 8 1 1
15 14 1 1
15 21 1 1
15 24 1 1
15 28 1 1
15 37 1 1
15 39 1 1
16 0 1 1
16 2 1 1
16 6 1 1
16 9 1 1
16 19 1 1
16 23 1 1
16 29 1 1
16 32 1 1
16 36 1 1
17 15 1 1
17 17 1 1
17 34 1 1
18 1 1 1
18 5 1 1
18 9 1 1
18 12 1 1
18 14 1 1
18 21 1 1
18 27 1 1
18 29 1 1
18 39 1 1
19 0 1 1
19 10 1 1
19 13 1 1
19 18 1 1
19 22 1 1
19 26 1 1
19 28 1 1
19 31 1 1
19 33 1 1
19 36 1 1
20 3 1 1
20 6 1 1
20 8 1 1
20 12 1 1
20 14 1 1
20 17 1 1
20 25 1 1
20 30 1 1
20 39 1 1
21 0 1 1
21 4 1 1
21 22 1 1
21 24 1 1
21 26 1 1
21 34 1 1
21 36 1 1
21 38 1 1
22 7 1 1
22 13 1 1
22 16 1 1
22 19 1 1
22 21 1 1
22 25 1 1
22 27 1 1
22 32 1 1
22 37 1 1
22 39 1 1
23 1 1 1
23 3 1 1
23 5 1 1
23 10 1 1
23 14 1 1
23 26 1 1
23 33 1 1
23 37 1 1
24 7 1 1
24 11 1 1
24 13 1 1
24 15 1 1
24 22 1 1
24 24 1 1
24 28 1 1
25 6 1 1
25 17 1 1
25 20 1 1
25 32 1 1
25 37 1 1
25 39 1 1
26 0 1 1
26 5 1 1
26 9 1 1
26 11 1 1
26 18 1 1
26 21 1 1
26 25 1 1
26 29 1 1
26 34 1 1
26 38 1 1
27 1 1 1
27 12 1 1
27 16 1 1
27 22 1 1
27 26 1 1
27 31 1 1
27 36 1 1
27 39 1 1
28 4 1 1
28 8 1 1
28 10 1 1
28 19 1 1
28 21 1 1
28 23 1 1
28 29 1 1
28 32 1 1
28 35 1 1
28 37 1 1
29 1 1 1
29 7 1 1
29 9 1 1
29 13 1 1
29 16 1 1
29 26 1 1
29 28 1 1
29 36 1 1
30 2 1 1
30 8 1 1
30 11 1 1
30 15 1 1
30 17 1 1
30 19 1 1
30 27 1 1
30 32 1 1
30 38 1 1
31 6 1 1
31 12 1 1
31 16 1 1
31 23 1 1
31 25 1 1
31 30 1 1
31 33 1 1
31 35 1 1
31 37 1 1
32 0 1 1
32 5 1 1
32 8 1 1
32 11 1 1
32 14 1 1
32 21 1 1
32 26 1 1
32 28 1 1
33 1 1 1
33 10 1 1
33 15 1 1
33 20 1 1
33 23 1 1
33 27 1 1
33 29 1 1
33 31 1 1
33 33 1 1
33 37 1 1
34 8 1 1
34 11 1 1
34 14 1 1
34 19 1 1
34 21 1 1
34 26 1 1
35 9 1 1
35 12 1 1
35 15 1 1
35 29 1 1
35 31 1 1
35 38 1 1
36 0 1 1
36 10 1 1
36 13 1 1
36 17 1 1
36 22 1 1
36 24 1 1
36 26 1 1
36 34 1 1
37 5 1 1
37 12 1 1
37 19 1 1
37 29 1 1
37 33 1 1
37 36 1 1
38 1 1 1
38 4 1 1
38 15 1 1
38 17 1 1
38 25 1 1
38 27 1 1
38 32 1 1
38 38 1 1
39 19 1 1
39 22 1 1
39 24 1 1
39 28 1 1
39 34 1 1
39 36 1 1
