0 4 1 1
0 8 1 1
0 16 1 1
0 30 1 1
0 32 1 1
0 35 1 1
1 10 1 1
2 3 1 1
2 25 1 1
2 27 1 1
2 31 1 1
4 1 1 1
5 7 1 1
5 9 1 1
6 14 1 1
6 27 1 1
7 0 1 1
7 16 1 1
8 5 1 1
8 27 1 1
8 34 1 1
10 10 1 1
10 17 1 1
10 25 1 1
10 33 1 1
12 14 1 1
12 18 1 1
13 9 1 1
13 34 1 1
13 36 1 1
14 8 1 1
15 9 1 1
16 1 1 1
16 4 1 1
16 12 1 1
17 6 1 1
17 29 1 1
18 3 1 1
18 27 1 1
18 33 1 1
18 35 1 1
19 5 1 1
19 7 1 1
19 25 1 1
19 30 1 1
19 37 1 1
20 6 1 1
20 21 1 1
22 37 1 1
23 3 1 1
24 24 1 1
25 17 1 1
25 23 1 1
25 31 1 1
26 0 1 1
27 4 1 1
27 11 1 1
27 29 1 1
27 35 1 1
28 6 1 1
28 32 1 1
29 26 1 1
30 13 1 1
31 7 1 1
31 25 1 1
31 30 1 1
31 32 1 1
32 14 1 1
32 18 1 1
33 26 1 1
34 10 1 1
34 21 1 1
35 8 1 1
35 26 1 1
36 10 1 1
37 36 1 1
37 38 1 1
38 9 1 1
38 37 1 1
38 39 1 1
