16 36 1.0688843703050097 1
36 28 1.0515908805880605 1
20 12 0.9841143161661691 1
0 20 0.9517833500585927 1
12 12 1.0022549442737219 1
24 20 0.9809868274900829 1
24 8 1.0567597178069545 1
20 4 0.9606625452157855 1
12 32 0.9953193908304712 1
24 4 1.0166764078910062 1
16 20 1.081622577039067 1
28 16 1.0009373711634781 1
8 28 0.9563675688799408 1
24 16 1.0511608408314448 1
4 28 1.0236737993350664 1
12 24 0.9501012682724882 1
32 20 1.0819492511936482 1
4 8 1.0965570952075308 1
28 36 1.062043447199318 1
12 8 1.0804331900879167 1
24 32 0.9620295138638666 1
28 28 1.0459663496520257 1
4 32 1.0797676575935988 1
12 36 1.0367967863830883 1
32 8 0.9944285430905427 1
0 36 0.9201402416136731 1
16 8 0.9868343670907568 1
24 0 1.0221773946887605 1
28 4 1.0826022106475797 1
28 20 1.0933212735541518 1
32 36 0.9954019553105434 1
20 20 1.073061985554328 1
16 0 0.9520984620783919 1
8 24 1.0610055654026045 1
36 0 1.009739860767118 1
20 24 0.9028083400328039 1
36 20 1.0439409372807908 1
0 12 0.9797647084448537 1
36 8 1.0649689954296466 1
20 32 1.0336306402463702 1
12 20 0.9002285638628856 1
28 8 0.998715573293065 1
0 0 1.0735205550985563 1
36 24 0.9487821753774265 1
16 24 0.965040872549478 1
36 32 1.0740942464217311 1
8 20 0.9382134183004781 1
24 36 1.0135021481241344 1
20 0 0.947723185723044 1
28 12 1.0935080500580288 1
24 28 1.0606358938559741 1
20 28 0.9895939142871142 1
28 24 0.9160891637105071 1
12 4 0.9640109209345092 1
8 4 1.0015881285041148 1
4 20 1.0865667648453814 1
8 0 0.9218115691862208 1
0 16 1.0102534492181103 1
28 0 1.041312281973378 1
32 16 1.0094881822656847 1
4 16 1.0628933726582672 1
16 16 1.0080567213940648 1
32 32 1.0927677091947603 1
12 16 1.0206371255922766 1
8 32 1.0175234128350874 1
32 24 0.9889978052551033 1
36 36 1.0192573723166214 1
16 12 0.9769802291945321 1
32 4 1.0151302028329778 1
36 12 0.9580659004805516 1
12 28 0.9378782657108713 1
32 12 0.9373459056511111 1
8 36 1.0225546359737214 1
8 8 1.031331877797926 1
12 0 0.9953061984018762 1
20 36 0.9179648722391187 1
4 0 1.0515207843932874 1
8 16 1.075354074164555 1
0 24 1.0846762031892563 1
4 36 1.0684920446280366 1
24 24 1.079634624271576 1
28 32 1.0846164879640354 1
32 28 1.008119984989611 1
16 28 0.9782592100469251 1
0 8 1.0410566799708814 1
32 0 0.9551268242624255 1
16 4 1.0623257417015757 1
20 8 1.0698971930372734 1
24 12 1.079007793485335 1
4 24 1.017960236706232 1
20 16 1.0899529746464243 1
36 16 1.0159390021491213 1
36 4 0.9901126213262311 1
0 4 1.0320490757244778 1
4 12 1.0992515678707147 1
16 32 1.0833882435894913 1
0 28 1.058665016826045 1
4 4 0.9164745976393295 1
0 32 1.0225566210081425 1
8 12 0.9972888403938334 1
